FocalLengthX = 486.818614555058
FocalLengthY = 4590.53252676304
PrincipalPointX = 482.335848824659
PrincipalPointY = 292.248243192006
Skew = 0.00000000000000000000
TranslationX = -27.1341942666204
TranslationY = -10.0826316111059
TranslationZ = 673.387773352816
RotationX = 0.110740903301090
RotationY = -2.17346643258587
RotationZ = -2.34389222329312
DistortionK1 = -0.529359058611685
DistortionK2 = 1.53642265471292
DistortionP1 = 0
DistortionP2 = 0

   -0.9960   -0.0054   -0.0891
   -0.0884   -0.0756    0.9932
   -0.0121    0.9971    0.0748
