FocalLengthX = 451.271985607620
FocalLengthY = 249.406349594249
PrincipalPointX = 580.115973493373
PrincipalPointY = 318.691037479488
Skew = 0.00000000000000000000
TranslationX = 92.1302029678115
TranslationY = -106.993476159222
TranslationZ = 328.902618365862
RotationX = -0.163247026931473
RotationY = 0.447483090212468
RotationZ = 1.50425129750430
DistortionK1 = -0.306466096305031
DistortionK2 = 0.852135545815529
DistortionP1 = 0
DistortionP2 = 0

    0.0036    0.9231   -0.3845
   -0.9825    0.0748    0.1705
    0.1862    0.3772    0.9072
