FocalLengthX = 809.958020323726
FocalLengthY = 1111.16209565507
PrincipalPointX = 202.618287929410
PrincipalPointY = -1043.23622357825
Skew = 0.00000000000000000000
TranslationX = 433.322247428562
TranslationY = 727.959152139285
TranslationZ = 516.108010421472
RotationX = -0.374714687389853
RotationY = 2.63776950107274
RotationZ = 1.18640600813012
DistortionK1 = -0.0895743055028467
DistortionK2 = 0.0137257117667912
DistortionP1 = 0
DistortionP2 = 0


   -0.9374   -0.1531   -0.3128
   -0.3355    0.6383    0.6929
    0.0936    0.7544   -0.6497
