FocalLengthX = 423.936379601247
FocalLengthY = 398.353533988966
PrincipalPointX = 692.839090968593
PrincipalPointY = -152.368393659905
Skew = 0.00000000000000000000
DistortionK1 = -0.0411042837087552
DistortionK2 = 0.00142290026322311
DistortionP1 = 0
DistortionP2 = 0
Rotation matrix
     0.5948   -0.1761   -0.7844
   -0.7007   -0.5919   -0.3984
   -0.3941    0.7865   -0.4755
translation matrix
-308.302992366777  768.000777319747  623.298174198775
