FocalLengthX = 431.273350112697
FocalLengthY = 449.962984696674
PrincipalPointX = 419.424078955404
PrincipalPointY = 228.339735899697
Skew = 0.00000000000000000000
DistortionK1 = -0.218983638860372
DistortionK2 = 0.0489237864160612
DistortionP1 = 0
DistortionP2 = 0
Rotation matrix
    0.0915    0.5521   -0.8287
   -0.9958    0.0460   -0.0793
   -0.0057    0.8325    0.5540
translation matrix
-0.796225065114618	0.718752784495847	1.35178900585245
