FocalLengthX = 694.654656329565
FocalLengthY = 419.162883233985
PrincipalPointX = 417.602624310636
PrincipalPointY = 81.8668060242662
Skew = 0.00000000000000000000
DistortionK1 = -0.218983638860372
DistortionK2 = 0.0489237864160612
DistortionP1 = 0
DistortionP2 = 0
Rotation matrix
    0.7393    0.4712   -0.4811
   -0.6724    0.5560   -0.4886
    0.0373    0.6847    0.7279
translation matrix
-0.705819975341701	0.311861634516735	0.687908299763941
