FocalLengthX = 893.259917286463
FocalLengthY = 2837.37831196173
PrincipalPointX = 307.322418032866
PrincipalPointY = 212.593845204060
Skew = 0.00000000000000000000
TranslationX = 360.721378933693
TranslationY = 21.0470656223504
TranslationZ = 670.063154252231
RotationX = -0.308987360489497
RotationY = 1.84507032014366
RotationZ = 2.06336705934932
RotationW = 0.49527896681027261394
DistortionK1 = -0.60150605440139770508
DistortionK2 = 4.70203733444213867188
DistortionP1 = -0.00047452122089453042
DistortionP2 = -0.00782289821654558182
