FocalLengthX = 43.9932635314689
FocalLengthY = 17.0534720090806
PrincipalPointX = 369.830195131212
PrincipalPointY = 328.247710409805
Skew = 0.00000000000000000000
DistortionK1 = -0.218983638860372
DistortionK2 = 0.0489237864160612
DistortionP1 = 0
DistortionP2 = 0
Rotation matrix
    0.0098    0.9919   -0.1264
   -0.9997    0.0066   -0.0256
   -0.0246    0.1266    0.9917
translation matrix
-0.119213005356984	0.0797293386227713	1.56023060195524
