FocalLengthX = 364.586901792756
FocalLengthY = 334.977479076048
PrincipalPointX = 580.115973493373
PrincipalPointY = 318.691037479488
Skew = 0.00000000000000000000
TranslationX = 24.6303691457835
TranslationY = 1.01471161400731
TranslationZ = 1256.23569128198
RotationX = -1.49457699461429
RotationY = -0.379990517219162
RotationZ = -0.398129305124176
DistortionK1 = -0.445257867232145
DistortionK2 = -4.89200671300471
DistortionP1 = 0
DistortionP2 = 0

    0.8780   -0.0211    0.4782
    0.4787    0.0363   -0.8772
    0.0012    0.9991    0.0420
